846.81327522309789
1092.5533905932759
1121.0508652763349
1186.2468247692289
1182.2762620207513
812.60007178750152
936.42849891224762
1031.3523804664997
1113.2762620207516
1099.3056992722741
968.19300090006595
1024.7787873376928
991.21024484276870
871.23968209429108
728.15642097360580
927.45288552988802
992.22243815158879
1054.2762620207518
1066.3595231414372
1043.1879502661832
903.32294321497716
1078.9797974644696
906.67828227430459
775.32799384885948
955.59502115361875
966.55339059327605
1026.0924958366777
1085.4478348960051